10
0.681 0.0 0.0 0.511 0.0 0.0 0.055 0.09 0.0 0.594 
0.0 0.0 0.0 0.801 0.0 0.0 0.0 0.0 0.0 0.0 
0.0 0.0 0.0 0.0 0.175 0.384 0.405 0.179 0.0 0.0 
0.511 0.801 0.0 0.438 0.0 0.188 0.0 0.0 0.645 0.167 
0.0 0.0 0.175 0.0 0.688 0.0 0.0 0.0 0.0 0.541 
0.0 0.0 0.384 0.188 0.0 0.0 0.349 0.221 0.0 0.0 
0.055 0.0 0.405 0.0 0.0 0.349 0.0 0.714 0.813 0.916 
0.09 0.0 0.179 0.0 0.0 0.221 0.714 0.136 0.0 0.0 
0.0 0.0 0.0 0.645 0.0 0.0 0.813 0.0 0.0 0.944 
0.594 0.0 0.0 0.167 0.541 0.0 0.916 0.0 0.944 0.0 
11 48 6 39 16 42 28 41 40 24 
